{
 "cells": [
  {
   "cell_type": "markdown",
   "metadata": {},
   "source": [
    "Première analyse des données \"objets trouvés\" de la SNCF"
   ]
  },
  {
   "cell_type": "markdown",
   "metadata": {},
   "source": [
    "# Importation des données"
   ]
  },
  {
   "cell_type": "code",
   "execution_count": 2,
   "metadata": {
    "collapsed": true
   },
   "outputs": [],
   "source": [
    "data <- read.csv2(\"/Users/thomasvannier/Stage/SNCF/Datasets/database.csv\", sep = \";\", header = TRUE, encoding = \"utf-8\")\n"
   ]
  },
  {
   "cell_type": "code",
   "execution_count": 3,
   "metadata": {
    "collapsed": false
   },
   "outputs": [
    {
     "data": {
      "text/html": [
       "<ol class=list-inline>\n",
       "\t<li>356141</li>\n",
       "\t<li>15</li>\n",
       "</ol>\n"
      ],
      "text/latex": [
       "\\begin{enumerate*}\n",
       "\\item 356141\n",
       "\\item 15\n",
       "\\end{enumerate*}\n"
      ],
      "text/markdown": [
       "1. 356141\n",
       "2. 15\n",
       "\n",
       "\n"
      ],
      "text/plain": [
       "[1] 356141     15"
      ]
     },
     "execution_count": 3,
     "metadata": {},
     "output_type": "execute_result"
    }
   ],
   "source": [
    "dim(data)"
   ]
  },
  {
   "cell_type": "code",
   "execution_count": 4,
   "metadata": {
    "collapsed": false
   },
   "outputs": [
    {
     "data": {
      "text/html": [
       "<ol class=list-inline>\n",
       "\t<li>'FREQUENTATION_ANNUELLE'</li>\n",
       "\t<li>'NATURE_OBJETS'</li>\n",
       "\t<li>'DATE'</li>\n",
       "\t<li>'HEURE'</li>\n",
       "\t<li>'DECALAGE_HORAIRE'</li>\n",
       "\t<li>'TYPE_OBJETS'</li>\n",
       "\t<li>'COMMUNE'</li>\n",
       "\t<li>'DEPARTEMENT'</li>\n",
       "\t<li>'REGION'</li>\n",
       "\t<li>'LONGITUDE'</li>\n",
       "\t<li>'LATITUDE'</li>\n",
       "\t<li>'WGS_84'</li>\n",
       "\t<li>'GARE'</li>\n",
       "\t<li>'CODE_UIC'</li>\n",
       "\t<li>'CODE_POSTAL'</li>\n",
       "</ol>\n"
      ],
      "text/latex": [
       "\\begin{enumerate*}\n",
       "\\item 'FREQUENTATION\\_ANNUELLE'\n",
       "\\item 'NATURE\\_OBJETS'\n",
       "\\item 'DATE'\n",
       "\\item 'HEURE'\n",
       "\\item 'DECALAGE\\_HORAIRE'\n",
       "\\item 'TYPE\\_OBJETS'\n",
       "\\item 'COMMUNE'\n",
       "\\item 'DEPARTEMENT'\n",
       "\\item 'REGION'\n",
       "\\item 'LONGITUDE'\n",
       "\\item 'LATITUDE'\n",
       "\\item 'WGS\\_84'\n",
       "\\item 'GARE'\n",
       "\\item 'CODE\\_UIC'\n",
       "\\item 'CODE\\_POSTAL'\n",
       "\\end{enumerate*}\n"
      ],
      "text/markdown": [
       "1. 'FREQUENTATION_ANNUELLE'\n",
       "2. 'NATURE_OBJETS'\n",
       "3. 'DATE'\n",
       "4. 'HEURE'\n",
       "5. 'DECALAGE_HORAIRE'\n",
       "6. 'TYPE_OBJETS'\n",
       "7. 'COMMUNE'\n",
       "8. 'DEPARTEMENT'\n",
       "9. 'REGION'\n",
       "10. 'LONGITUDE'\n",
       "11. 'LATITUDE'\n",
       "12. 'WGS_84'\n",
       "13. 'GARE'\n",
       "14. 'CODE_UIC'\n",
       "15. 'CODE_POSTAL'\n",
       "\n",
       "\n"
      ],
      "text/plain": [
       " [1] \"FREQUENTATION_ANNUELLE\" \"NATURE_OBJETS\"          \"DATE\"                  \n",
       " [4] \"HEURE\"                  \"DECALAGE_HORAIRE\"       \"TYPE_OBJETS\"           \n",
       " [7] \"COMMUNE\"                \"DEPARTEMENT\"            \"REGION\"                \n",
       "[10] \"LONGITUDE\"              \"LATITUDE\"               \"WGS_84\"                \n",
       "[13] \"GARE\"                   \"CODE_UIC\"               \"CODE_POSTAL\"           "
      ]
     },
     "execution_count": 4,
     "metadata": {},
     "output_type": "execute_result"
    }
   ],
   "source": [
    "names(data)"
   ]
  },
  {
   "cell_type": "markdown",
   "metadata": {
    "collapsed": true
   },
   "source": [
    "Chaque objet trouvé de notre base est décrit avec 15 attributs."
   ]
  },
  {
   "cell_type": "markdown",
   "metadata": {},
   "source": [
    "# Analyse factorielle des correspondances (AFC)"
   ]
  },
  {
   "cell_type": "markdown",
   "metadata": {},
   "source": [
    "On fait une AFC entre les régions françaises et les différents types d'objets perdus."
   ]
  },
  {
   "cell_type": "code",
   "execution_count": 5,
   "metadata": {
    "collapsed": true
   },
   "outputs": [],
   "source": [
    "typeobjet <- data$TYPE_OBJETS\n",
    "region <- data$REGION"
   ]
  },
  {
   "cell_type": "code",
   "execution_count": 6,
   "metadata": {
    "collapsed": true
   },
   "outputs": [],
   "source": [
    "new_data <- data.frame(region,typeobjet)"
   ]
  },
  {
   "cell_type": "code",
   "execution_count": 7,
   "metadata": {
    "collapsed": true
   },
   "outputs": [],
   "source": [
    "profil_colonne <- data.frame(typeobjet,region)"
   ]
  },
  {
   "cell_type": "markdown",
   "metadata": {},
   "source": [
    "Une fois notre nouveau dataframe créé, on va faire le tableau de contingence."
   ]
  },
  {
   "cell_type": "code",
   "execution_count": 8,
   "metadata": {
    "collapsed": true
   },
   "outputs": [],
   "source": [
    "ctable <- table(new_data)"
   ]
  },
  {
   "cell_type": "code",
   "execution_count": 60,
   "metadata": {
    "collapsed": false
   },
   "outputs": [
    {
     "data": {
      "text/html": [
       "<table>\n",
       "<thead><tr><th></th><th scope=col>Appareils électroniques, informatiques, appareils photo</th><th scope=col>Articles d'enfants, de puériculture</th><th scope=col>Articles de sport, loisirs, camping</th><th scope=col>Articles médicaux</th><th scope=col>Bagagerie: sacs, valises, cartables</th><th scope=col>Bijoux, montres</th><th scope=col>Clés, porte-clés, badge magnétique</th><th scope=col>Divers</th><th scope=col>Instruments de musique</th><th scope=col>Livres, articles de papéterie</th><th scope=col>Optique</th><th scope=col>Parapluies</th><th scope=col>Pièces d'identités et papiers personnels</th><th scope=col>Porte-monnaie / portefeuille, argent, titres</th><th scope=col>Vélos, trotinettes, accessoires 2 roues</th><th scope=col>Vêtements, chaussures</th></tr></thead>\n",
       "<tbody>\n",
       "\t<tr><th scope=row>Alsace</th><td>4632</td><td>270 </td><td>314 </td><td>146 </td><td>7758</td><td>293 </td><td>1361</td><td>778 </td><td>70  </td><td>1016</td><td>1334</td><td>433 </td><td>2397</td><td>3175</td><td>404 </td><td>3659</td></tr>\n",
       "\t<tr><th scope=row>Aquitaine</th><td>2673</td><td>190 </td><td>203 </td><td>120 </td><td>5610</td><td>160 </td><td>545 </td><td>285 </td><td>47  </td><td>461 </td><td>787 </td><td>119 </td><td>2332</td><td>2095</td><td>163 </td><td>1813</td></tr>\n",
       "\t<tr><th scope=row>Auvergne</th><td>468</td><td>26 </td><td>58 </td><td>14 </td><td>699</td><td>31 </td><td>121</td><td>66 </td><td>2  </td><td>81 </td><td>182</td><td>66 </td><td>194</td><td>364</td><td>10 </td><td>410</td></tr>\n",
       "\t<tr><th scope=row>Basse-Normandie</th><td>1254</td><td>115 </td><td>116 </td><td>40  </td><td>1588</td><td>77  </td><td>230 </td><td>190 </td><td>32  </td><td>282 </td><td>488 </td><td>120 </td><td>498 </td><td>625 </td><td>40  </td><td>996 </td></tr>\n",
       "\t<tr><th scope=row>Bourgogne</th><td>1100</td><td>84  </td><td>30  </td><td>25  </td><td>1226</td><td>52  </td><td>119 </td><td>84  </td><td>20  </td><td>37  </td><td>174 </td><td>34  </td><td>113 </td><td>454 </td><td>33  </td><td>239 </td></tr>\n",
       "\t<tr><th scope=row>Bretagne</th><td>3219</td><td>350 </td><td>362 </td><td>114 </td><td>4769</td><td>163 </td><td>483 </td><td>528 </td><td>50  </td><td>802 </td><td>1282</td><td>535 </td><td>428 </td><td>1484</td><td>156 </td><td>4660</td></tr>\n",
       "</tbody>\n",
       "</table>\n"
      ],
      "text/latex": [
       "\\begin{tabular}{r|llllllllllllllll}\n",
       "  & Appareils électroniques, informatiques, appareils photo & Articles d'enfants, de puériculture & Articles de sport, loisirs, camping & Articles médicaux & Bagagerie: sacs, valises, cartables & Bijoux, montres & Clés, porte-clés, badge magnétique & Divers & Instruments de musique & Livres, articles de papéterie & Optique & Parapluies & Pièces d'identités et papiers personnels & Porte-monnaie / portefeuille, argent, titres & Vélos, trotinettes, accessoires 2 roues & Vêtements, chaussures\\\\\n",
       "\\hline\n",
       "\tAlsace & 4632 & 270  & 314  & 146  & 7758 & 293  & 1361 & 778  & 70   & 1016 & 1334 & 433  & 2397 & 3175 & 404  & 3659\\\\\n",
       "\tAquitaine & 2673 & 190  & 203  & 120  & 5610 & 160  & 545  & 285  & 47   & 461  & 787  & 119  & 2332 & 2095 & 163  & 1813\\\\\n",
       "\tAuvergne & 468 & 26  & 58  & 14  & 699 & 31  & 121 & 66  & 2   & 81  & 182 & 66  & 194 & 364 & 10  & 410\\\\\n",
       "\tBasse-Normandie & 1254 & 115  & 116  & 40   & 1588 & 77   & 230  & 190  & 32   & 282  & 488  & 120  & 498  & 625  & 40   & 996 \\\\\n",
       "\tBourgogne & 1100 & 84   & 30   & 25   & 1226 & 52   & 119  & 84   & 20   & 37   & 174  & 34   & 113  & 454  & 33   & 239 \\\\\n",
       "\tBretagne & 3219 & 350  & 362  & 114  & 4769 & 163  & 483  & 528  & 50   & 802  & 1282 & 535  & 428  & 1484 & 156  & 4660\\\\\n",
       "\\end{tabular}\n"
      ],
      "text/markdown": [
       "1. 4632\n",
       "2. 2673\n",
       "3. 468\n",
       "4. 1254\n",
       "5. 1100\n",
       "6. 3219\n",
       "7. 270\n",
       "8. 190\n",
       "9. 26\n",
       "10. 115\n",
       "11. 84\n",
       "12. 350\n",
       "13. 314\n",
       "14. 203\n",
       "15. 58\n",
       "16. 116\n",
       "17. 30\n",
       "18. 362\n",
       "19. 146\n",
       "20. 120\n",
       "21. 14\n",
       "22. 40\n",
       "23. 25\n",
       "24. 114\n",
       "25. 7758\n",
       "26. 5610\n",
       "27. 699\n",
       "28. 1588\n",
       "29. 1226\n",
       "30. 4769\n",
       "31. 293\n",
       "32. 160\n",
       "33. 31\n",
       "34. 77\n",
       "35. 52\n",
       "36. 163\n",
       "37. 1361\n",
       "38. 545\n",
       "39. 121\n",
       "40. 230\n",
       "41. 119\n",
       "42. 483\n",
       "43. 778\n",
       "44. 285\n",
       "45. 66\n",
       "46. 190\n",
       "47. 84\n",
       "48. 528\n",
       "49. 70\n",
       "50. 47\n",
       "51. 2\n",
       "52. 32\n",
       "53. 20\n",
       "54. 50\n",
       "55. 1016\n",
       "56. 461\n",
       "57. 81\n",
       "58. 282\n",
       "59. 37\n",
       "60. 802\n",
       "61. 1334\n",
       "62. 787\n",
       "63. 182\n",
       "64. 488\n",
       "65. 174\n",
       "66. 1282\n",
       "67. 433\n",
       "68. 119\n",
       "69. 66\n",
       "70. 120\n",
       "71. 34\n",
       "72. 535\n",
       "73. 2397\n",
       "74. 2332\n",
       "75. 194\n",
       "76. 498\n",
       "77. 113\n",
       "78. 428\n",
       "79. 3175\n",
       "80. 2095\n",
       "81. 364\n",
       "82. 625\n",
       "83. 454\n",
       "84. 1484\n",
       "85. 404\n",
       "86. 163\n",
       "87. 10\n",
       "88. 40\n",
       "89. 33\n",
       "90. 156\n",
       "91. 3659\n",
       "92. 1813\n",
       "93. 410\n",
       "94. 996\n",
       "95. 239\n",
       "96. 4660\n",
       "\n",
       "\n"
      ],
      "text/plain": [
       "                 typeobjet\n",
       "region            Appareils électroniques, informatiques, appareils photo\n",
       "  Alsace                                                             4632\n",
       "  Aquitaine                                                          2673\n",
       "  Auvergne                                                            468\n",
       "  Basse-Normandie                                                    1254\n",
       "  Bourgogne                                                          1100\n",
       "  Bretagne                                                           3219\n",
       "                 typeobjet\n",
       "region            Articles d'enfants, de puériculture\n",
       "  Alsace                                          270\n",
       "  Aquitaine                                       190\n",
       "  Auvergne                                         26\n",
       "  Basse-Normandie                                 115\n",
       "  Bourgogne                                        84\n",
       "  Bretagne                                        350\n",
       "                 typeobjet\n",
       "region            Articles de sport, loisirs, camping Articles médicaux\n",
       "  Alsace                                          314               146\n",
       "  Aquitaine                                       203               120\n",
       "  Auvergne                                         58                14\n",
       "  Basse-Normandie                                 116                40\n",
       "  Bourgogne                                        30                25\n",
       "  Bretagne                                        362               114\n",
       "                 typeobjet\n",
       "region            Bagagerie: sacs, valises, cartables Bijoux, montres\n",
       "  Alsace                                         7758             293\n",
       "  Aquitaine                                      5610             160\n",
       "  Auvergne                                        699              31\n",
       "  Basse-Normandie                                1588              77\n",
       "  Bourgogne                                      1226              52\n",
       "  Bretagne                                       4769             163\n",
       "                 typeobjet\n",
       "region            Clés, porte-clés, badge magnétique Divers\n",
       "  Alsace                                        1361    778\n",
       "  Aquitaine                                      545    285\n",
       "  Auvergne                                       121     66\n",
       "  Basse-Normandie                                230    190\n",
       "  Bourgogne                                      119     84\n",
       "  Bretagne                                       483    528\n",
       "                 typeobjet\n",
       "region            Instruments de musique Livres, articles de papéterie Optique\n",
       "  Alsace                              70                          1016    1334\n",
       "  Aquitaine                           47                           461     787\n",
       "  Auvergne                             2                            81     182\n",
       "  Basse-Normandie                     32                           282     488\n",
       "  Bourgogne                           20                            37     174\n",
       "  Bretagne                            50                           802    1282\n",
       "                 typeobjet\n",
       "region            Parapluies Pièces d'identités et papiers personnels\n",
       "  Alsace                 433                                     2397\n",
       "  Aquitaine              119                                     2332\n",
       "  Auvergne                66                                      194\n",
       "  Basse-Normandie        120                                      498\n",
       "  Bourgogne               34                                      113\n",
       "  Bretagne               535                                      428\n",
       "                 typeobjet\n",
       "region            Porte-monnaie / portefeuille, argent, titres\n",
       "  Alsace                                                  3175\n",
       "  Aquitaine                                               2095\n",
       "  Auvergne                                                 364\n",
       "  Basse-Normandie                                          625\n",
       "  Bourgogne                                                454\n",
       "  Bretagne                                                1484\n",
       "                 typeobjet\n",
       "region            Vélos, trotinettes, accessoires 2 roues Vêtements, chaussures\n",
       "  Alsace                                              404                  3659\n",
       "  Aquitaine                                           163                  1813\n",
       "  Auvergne                                             10                   410\n",
       "  Basse-Normandie                                      40                   996\n",
       "  Bourgogne                                            33                   239\n",
       "  Bretagne                                            156                  4660"
      ]
     },
     "execution_count": 60,
     "metadata": {},
     "output_type": "execute_result"
    }
   ],
   "source": [
    "head(ctable)"
   ]
  },
  {
   "cell_type": "markdown",
   "metadata": {},
   "source": [
    "On a donc la répartition des différents types d'objets perdus pour chaque région. On passe ce tableau en profil ligne, c'est à dire que l'on représente ce tableau en pourcentage avec la somme de chaque pourcentage des lignes faisant 100%"
   ]
  },
  {
   "cell_type": "code",
   "execution_count": 11,
   "metadata": {
    "collapsed": false
   },
   "outputs": [],
   "source": [
    "profil_ligne_region <- prop.table(ctable, 1)"
   ]
  },
  {
   "cell_type": "code",
   "execution_count": 12,
   "metadata": {
    "collapsed": false,
    "scrolled": true
   },
   "outputs": [
    {
     "data": {
      "text/html": [
       "<table>\n",
       "<thead><tr><th></th><th scope=col>Appareils électroniques, informatiques, appareils photo</th><th scope=col>Articles d'enfants, de puériculture</th><th scope=col>Articles de sport, loisirs, camping</th><th scope=col>Articles médicaux</th><th scope=col>Bagagerie: sacs, valises, cartables</th><th scope=col>Bijoux, montres</th><th scope=col>Clés, porte-clés, badge magnétique</th><th scope=col>Divers</th><th scope=col>Instruments de musique</th><th scope=col>Livres, articles de papéterie</th><th scope=col>Optique</th><th scope=col>Parapluies</th><th scope=col>Pièces d'identités et papiers personnels</th><th scope=col>Porte-monnaie / portefeuille, argent, titres</th><th scope=col>Vélos, trotinettes, accessoires 2 roues</th><th scope=col>Vêtements, chaussures</th></tr></thead>\n",
       "<tbody>\n",
       "\t<tr><th scope=row>Alsace</th><td>0.165192582025678  </td><td>0.00962910128388017</td><td>0.0111982881597718 </td><td>0.00520684736091298</td><td>0.276676176890157  </td><td>0.0104493580599144 </td><td>0.0485378031383738 </td><td>0.0277460770328103 </td><td>0.00249643366619116</td><td>0.0362339514978602 </td><td>0.0475748930099857 </td><td>0.0154422253922967 </td><td>0.0854850213980028 </td><td>0.113231098430813  </td><td>0.0144079885877318 </td><td>0.130492154065621  </td></tr>\n",
       "\t<tr><th scope=row>Aquitaine</th><td>0.151849116627848  </td><td>0.0107936147247628 </td><td>0.0115321252059308 </td><td>0.00681701982616599</td><td>0.31869567687326   </td><td>0.00908935976822133</td><td>0.0309606317105039 </td><td>0.0161904220871442 </td><td>0.00266999943191501</td><td>0.0261887178321877 </td><td>0.0447082883599386 </td><td>0.00676021132761461</td><td>0.132477418621826  </td><td>0.119013804465148  </td><td>0.00925978526387548</td><td>0.102993807873658  </td></tr>\n",
       "\t<tr><th scope=row>Auvergne</th><td>0.167621776504298   </td><td>0.00931232091690544 </td><td>0.0207736389684814  </td><td>0.00501432664756447 </td><td>0.250358166189112   </td><td>0.0111031518624642  </td><td>0.0433381088825215  </td><td>0.0236389684813754  </td><td>0.000716332378223496</td><td>0.0290114613180516  </td><td>0.0651862464183381  </td><td>0.0236389684813754  </td><td>0.0694842406876791  </td><td>0.130372492836676   </td><td>0.00358166189111748 </td><td>0.146848137535817   </td></tr>\n",
       "\t<tr><th scope=row>Basse-Normandie</th><td>0.187415931848752  </td><td>0.0171872664773576 </td><td>0.0173367209684651 </td><td>0.00597817964429831</td><td>0.237333731878643  </td><td>0.0115079958152742 </td><td>0.0343745329547153 </td><td>0.028396353310417  </td><td>0.00478254371543865</td><td>0.0421461664923031 </td><td>0.0729337916604394 </td><td>0.0179345389328949 </td><td>0.074428336571514  </td><td>0.0934090569421611 </td><td>0.00597817964429831</td><td>0.148856673143028  </td></tr>\n",
       "\t<tr><th scope=row>Bourgogne</th><td>0.28765690376569   </td><td>0.0219665271966527 </td><td>0.00784518828451883</td><td>0.00653765690376569</td><td>0.320606694560669  </td><td>0.0135983263598326 </td><td>0.0311192468619247 </td><td>0.0219665271966527 </td><td>0.00523012552301255</td><td>0.00967573221757322</td><td>0.0455020920502092 </td><td>0.00889121338912134</td><td>0.0295502092050209 </td><td>0.118723849372385  </td><td>0.00862970711297071</td><td>0.0625             </td></tr>\n",
       "\t<tr><th scope=row>Bretagne</th><td>0.166056229043075  </td><td>0.0180551973175135 </td><td>0.018674232654114  </td><td>0.00588083569770441</td><td>0.246014960020634  </td><td>0.00840856332215631</td><td>0.0249161722981687 </td><td>0.0272375548104204 </td><td>0.00257931390250193</td><td>0.041372194996131  </td><td>0.0661336084601496 </td><td>0.0275986587567707 </td><td>0.0220789270054166 </td><td>0.0765540366262574 </td><td>0.00804745937580604</td><td>0.24039205571318   </td></tr>\n",
       "</tbody>\n",
       "</table>\n"
      ],
      "text/latex": [
       "\\begin{tabular}{r|llllllllllllllll}\n",
       "  & Appareils électroniques, informatiques, appareils photo & Articles d'enfants, de puériculture & Articles de sport, loisirs, camping & Articles médicaux & Bagagerie: sacs, valises, cartables & Bijoux, montres & Clés, porte-clés, badge magnétique & Divers & Instruments de musique & Livres, articles de papéterie & Optique & Parapluies & Pièces d'identités et papiers personnels & Porte-monnaie / portefeuille, argent, titres & Vélos, trotinettes, accessoires 2 roues & Vêtements, chaussures\\\\\n",
       "\\hline\n",
       "\tAlsace & 0.165192582025678   & 0.00962910128388017 & 0.0111982881597718  & 0.00520684736091298 & 0.276676176890157   & 0.0104493580599144  & 0.0485378031383738  & 0.0277460770328103  & 0.00249643366619116 & 0.0362339514978602  & 0.0475748930099857  & 0.0154422253922967  & 0.0854850213980028  & 0.113231098430813   & 0.0144079885877318  & 0.130492154065621  \\\\\n",
       "\tAquitaine & 0.151849116627848   & 0.0107936147247628  & 0.0115321252059308  & 0.00681701982616599 & 0.31869567687326    & 0.00908935976822133 & 0.0309606317105039  & 0.0161904220871442  & 0.00266999943191501 & 0.0261887178321877  & 0.0447082883599386  & 0.00676021132761461 & 0.132477418621826   & 0.119013804465148   & 0.00925978526387548 & 0.102993807873658  \\\\\n",
       "\tAuvergne & 0.167621776504298    & 0.00931232091690544  & 0.0207736389684814   & 0.00501432664756447  & 0.250358166189112    & 0.0111031518624642   & 0.0433381088825215   & 0.0236389684813754   & 0.000716332378223496 & 0.0290114613180516   & 0.0651862464183381   & 0.0236389684813754   & 0.0694842406876791   & 0.130372492836676    & 0.00358166189111748  & 0.146848137535817   \\\\\n",
       "\tBasse-Normandie & 0.187415931848752   & 0.0171872664773576  & 0.0173367209684651  & 0.00597817964429831 & 0.237333731878643   & 0.0115079958152742  & 0.0343745329547153  & 0.028396353310417   & 0.00478254371543865 & 0.0421461664923031  & 0.0729337916604394  & 0.0179345389328949  & 0.074428336571514   & 0.0934090569421611  & 0.00597817964429831 & 0.148856673143028  \\\\\n",
       "\tBourgogne & 0.28765690376569    & 0.0219665271966527  & 0.00784518828451883 & 0.00653765690376569 & 0.320606694560669   & 0.0135983263598326  & 0.0311192468619247  & 0.0219665271966527  & 0.00523012552301255 & 0.00967573221757322 & 0.0455020920502092  & 0.00889121338912134 & 0.0295502092050209  & 0.118723849372385   & 0.00862970711297071 & 0.0625             \\\\\n",
       "\tBretagne & 0.166056229043075   & 0.0180551973175135  & 0.018674232654114   & 0.00588083569770441 & 0.246014960020634   & 0.00840856332215631 & 0.0249161722981687  & 0.0272375548104204  & 0.00257931390250193 & 0.041372194996131   & 0.0661336084601496  & 0.0275986587567707  & 0.0220789270054166  & 0.0765540366262574  & 0.00804745937580604 & 0.24039205571318   \\\\\n",
       "\\end{tabular}\n"
      ],
      "text/markdown": [
       "1. 0.165192582025678\n",
       "2. 0.151849116627848\n",
       "3. 0.167621776504298\n",
       "4. 0.187415931848752\n",
       "5. 0.28765690376569\n",
       "6. 0.166056229043075\n",
       "7. 0.00962910128388017\n",
       "8. 0.0107936147247628\n",
       "9. 0.00931232091690544\n",
       "10. 0.0171872664773576\n",
       "11. 0.0219665271966527\n",
       "12. 0.0180551973175135\n",
       "13. 0.0111982881597718\n",
       "14. 0.0115321252059308\n",
       "15. 0.0207736389684814\n",
       "16. 0.0173367209684651\n",
       "17. 0.00784518828451883\n",
       "18. 0.018674232654114\n",
       "19. 0.00520684736091298\n",
       "20. 0.00681701982616599\n",
       "21. 0.00501432664756447\n",
       "22. 0.00597817964429831\n",
       "23. 0.00653765690376569\n",
       "24. 0.00588083569770441\n",
       "25. 0.276676176890157\n",
       "26. 0.31869567687326\n",
       "27. 0.250358166189112\n",
       "28. 0.237333731878643\n",
       "29. 0.320606694560669\n",
       "30. 0.246014960020634\n",
       "31. 0.0104493580599144\n",
       "32. 0.00908935976822133\n",
       "33. 0.0111031518624642\n",
       "34. 0.0115079958152742\n",
       "35. 0.0135983263598326\n",
       "36. 0.00840856332215631\n",
       "37. 0.0485378031383738\n",
       "38. 0.0309606317105039\n",
       "39. 0.0433381088825215\n",
       "40. 0.0343745329547153\n",
       "41. 0.0311192468619247\n",
       "42. 0.0249161722981687\n",
       "43. 0.0277460770328103\n",
       "44. 0.0161904220871442\n",
       "45. 0.0236389684813754\n",
       "46. 0.028396353310417\n",
       "47. 0.0219665271966527\n",
       "48. 0.0272375548104204\n",
       "49. 0.00249643366619116\n",
       "50. 0.00266999943191501\n",
       "51. 0.000716332378223496\n",
       "52. 0.00478254371543865\n",
       "53. 0.00523012552301255\n",
       "54. 0.00257931390250193\n",
       "55. 0.0362339514978602\n",
       "56. 0.0261887178321877\n",
       "57. 0.0290114613180516\n",
       "58. 0.0421461664923031\n",
       "59. 0.00967573221757322\n",
       "60. 0.041372194996131\n",
       "61. 0.0475748930099857\n",
       "62. 0.0447082883599386\n",
       "63. 0.0651862464183381\n",
       "64. 0.0729337916604394\n",
       "65. 0.0455020920502092\n",
       "66. 0.0661336084601496\n",
       "67. 0.0154422253922967\n",
       "68. 0.00676021132761461\n",
       "69. 0.0236389684813754\n",
       "70. 0.0179345389328949\n",
       "71. 0.00889121338912134\n",
       "72. 0.0275986587567707\n",
       "73. 0.0854850213980028\n",
       "74. 0.132477418621826\n",
       "75. 0.0694842406876791\n",
       "76. 0.074428336571514\n",
       "77. 0.0295502092050209\n",
       "78. 0.0220789270054166\n",
       "79. 0.113231098430813\n",
       "80. 0.119013804465148\n",
       "81. 0.130372492836676\n",
       "82. 0.0934090569421611\n",
       "83. 0.118723849372385\n",
       "84. 0.0765540366262574\n",
       "85. 0.0144079885877318\n",
       "86. 0.00925978526387548\n",
       "87. 0.00358166189111748\n",
       "88. 0.00597817964429831\n",
       "89. 0.00862970711297071\n",
       "90. 0.00804745937580604\n",
       "91. 0.130492154065621\n",
       "92. 0.102993807873658\n",
       "93. 0.146848137535817\n",
       "94. 0.148856673143028\n",
       "95. 0.0625\n",
       "96. 0.24039205571318\n",
       "\n",
       "\n"
      ],
      "text/plain": [
       "                 typeobjet\n",
       "region            Appareils électroniques, informatiques, appareils photo\n",
       "  Alsace                                                        0.1651926\n",
       "  Aquitaine                                                     0.1518491\n",
       "  Auvergne                                                      0.1676218\n",
       "  Basse-Normandie                                               0.1874159\n",
       "  Bourgogne                                                     0.2876569\n",
       "  Bretagne                                                      0.1660562\n",
       "                 typeobjet\n",
       "region            Articles d'enfants, de puériculture\n",
       "  Alsace                                  0.009629101\n",
       "  Aquitaine                               0.010793615\n",
       "  Auvergne                                0.009312321\n",
       "  Basse-Normandie                         0.017187266\n",
       "  Bourgogne                               0.021966527\n",
       "  Bretagne                                0.018055197\n",
       "                 typeobjet\n",
       "region            Articles de sport, loisirs, camping Articles médicaux\n",
       "  Alsace                                  0.011198288       0.005206847\n",
       "  Aquitaine                               0.011532125       0.006817020\n",
       "  Auvergne                                0.020773639       0.005014327\n",
       "  Basse-Normandie                         0.017336721       0.005978180\n",
       "  Bourgogne                               0.007845188       0.006537657\n",
       "  Bretagne                                0.018674233       0.005880836\n",
       "                 typeobjet\n",
       "region            Bagagerie: sacs, valises, cartables Bijoux, montres\n",
       "  Alsace                                    0.2766762     0.010449358\n",
       "  Aquitaine                                 0.3186957     0.009089360\n",
       "  Auvergne                                  0.2503582     0.011103152\n",
       "  Basse-Normandie                           0.2373337     0.011507996\n",
       "  Bourgogne                                 0.3206067     0.013598326\n",
       "  Bretagne                                  0.2460150     0.008408563\n",
       "                 typeobjet\n",
       "region            Clés, porte-clés, badge magnétique     Divers\n",
       "  Alsace                                  0.04853780 0.02774608\n",
       "  Aquitaine                               0.03096063 0.01619042\n",
       "  Auvergne                                0.04333811 0.02363897\n",
       "  Basse-Normandie                         0.03437453 0.02839635\n",
       "  Bourgogne                               0.03111925 0.02196653\n",
       "  Bretagne                                0.02491617 0.02723755\n",
       "                 typeobjet\n",
       "region            Instruments de musique Livres, articles de papéterie\n",
       "  Alsace                    0.0024964337                   0.036233951\n",
       "  Aquitaine                 0.0026699994                   0.026188718\n",
       "  Auvergne                  0.0007163324                   0.029011461\n",
       "  Basse-Normandie           0.0047825437                   0.042146166\n",
       "  Bourgogne                 0.0052301255                   0.009675732\n",
       "  Bretagne                  0.0025793139                   0.041372195\n",
       "                 typeobjet\n",
       "region               Optique  Parapluies\n",
       "  Alsace          0.04757489 0.015442225\n",
       "  Aquitaine       0.04470829 0.006760211\n",
       "  Auvergne        0.06518625 0.023638968\n",
       "  Basse-Normandie 0.07293379 0.017934539\n",
       "  Bourgogne       0.04550209 0.008891213\n",
       "  Bretagne        0.06613361 0.027598659\n",
       "                 typeobjet\n",
       "region            Pièces d'identités et papiers personnels\n",
       "  Alsace                                        0.08548502\n",
       "  Aquitaine                                     0.13247742\n",
       "  Auvergne                                      0.06948424\n",
       "  Basse-Normandie                               0.07442834\n",
       "  Bourgogne                                     0.02955021\n",
       "  Bretagne                                      0.02207893\n",
       "                 typeobjet\n",
       "region            Porte-monnaie / portefeuille, argent, titres\n",
       "  Alsace                                            0.11323110\n",
       "  Aquitaine                                         0.11901380\n",
       "  Auvergne                                          0.13037249\n",
       "  Basse-Normandie                                   0.09340906\n",
       "  Bourgogne                                         0.11872385\n",
       "  Bretagne                                          0.07655404\n",
       "                 typeobjet\n",
       "region            Vélos, trotinettes, accessoires 2 roues Vêtements, chaussures\n",
       "  Alsace                                      0.014407989             0.1304922\n",
       "  Aquitaine                                   0.009259785             0.1029938\n",
       "  Auvergne                                    0.003581662             0.1468481\n",
       "  Basse-Normandie                             0.005978180             0.1488567\n",
       "  Bourgogne                                   0.008629707             0.0625000\n",
       "  Bretagne                                    0.008047459             0.2403921"
      ]
     },
     "execution_count": 12,
     "metadata": {},
     "output_type": "execute_result"
    }
   ],
   "source": [
    "head(profil_ligne_region)"
   ]
  },
  {
   "cell_type": "markdown",
   "metadata": {},
   "source": [
    "Une fois les données préparées, on peut appliquer une AFC"
   ]
  },
  {
   "cell_type": "code",
   "execution_count": 61,
   "metadata": {
    "collapsed": false,
    "scrolled": true
   },
   "outputs": [],
   "source": [
    "library(FactoMineR)"
   ]
  },
  {
   "cell_type": "code",
   "execution_count": 62,
   "metadata": {
    "collapsed": false
   },
   "outputs": [
    {
     "data": {
